cut_off <- 200